number of runs : 30
number of Evaluation : 48000
number of Bit : 1000
number of Regions : 4
number of Searcher : 4
number of Sample : 8
Execution Time :77.102(s)
Average Fitness : 1000
32 52.3
64 53.3
96 53.6
128 54.2
160 54.5
192 54.7
224 54.8
256 55
288 55.1
320 55.3
352 55.4
384 55.6
416 55.7
448 55.9
480 56
512 56.2
544 56.3
576 56.4
608 56.5
640 56.7
672 56.8
704 56.9
736 57.1
768 57.2
800 57.3
832 57.5
864 57.6
896 57.7
928 57.8
960 58
992 58.1
1024 58.2
1056 58.4
1088 58.5
1120 58.7
1152 58.8
1184 59
1216 59.1
1248 59.2
1280 59.4
1312 59.5
1344 59.7
1376 59.8
1408 59.9
1440 60.1
1472 60.2
1504 60.3
1536 60.5
1568 60.6
1600 60.7
1632 60.8
1664 61
1696 61.1
1728 61.2
1760 61.3
1792 61.5
1824 61.6
1856 61.7
1888 61.8
1920 62
1952 62.1
1984 62.2
2016 62.3
2048 62.4
2080 62.6
2112 62.7
2144 62.8
2176 62.9
2208 63.1
2240 63.2
2272 63.3
2304 63.4
2336 63.6
2368 63.7
2400 63.8
2432 63.9
2464 64.1
2496 64.2
2528 64.3
2560 64.4
2592 64.6
2624 64.7
2656 64.8
2688 65
2720 65.1
2752 65.2
2784 65.4
2816 65.5
2848 65.6
2880 65.7
2912 65.8
2944 66
2976 66.1
3008 66.2
3040 66.3
3072 66.5
3104 66.6
3136 66.7
3168 66.8
3200 66.9
3232 67
3264 67.1
3296 67.3
3328 67.4
3360 67.5
3392 67.6
3424 67.8
3456 67.9
3488 68
3520 68.1
3552 68.2
3584 68.3
3616 68.5
3648 68.5
3680 68.7
3712 68.8
3744 68.9
3776 69
3808 69.2
3840 69.3
3872 69.4
3904 69.5
3936 69.6
3968 69.7
4000 69.8
4032 69.9
4064 70.1
4096 70.2
4128 70.3
4160 70.4
4192 70.5
4224 70.6
4256 70.8
4288 70.9
4320 71
4352 71.1
4384 71.2
4416 71.3
4448 71.5
4480 71.6
4512 71.7
4544 71.8
4576 71.9
4608 72
4640 72.1
4672 72.3
4704 72.4
4736 72.5
4768 72.6
4800 72.7
4832 72.8
4864 72.9
4896 73
4928 73.1
4960 73.2
4992 73.3
5024 73.4
5056 73.6
5088 73.7
5120 73.8
5152 73.9
5184 73.9
5216 74.1
5248 74.2
5280 74.3
5312 74.4
5344 74.5
5376 74.6
5408 74.7
5440 74.8
5472 74.9
5504 75
5536 75.1
5568 75.2
5600 75.4
5632 75.5
5664 75.6
5696 75.7
5728 75.7
5760 75.9
5792 76
5824 76.1
5856 76.2
5888 76.3
5920 76.4
5952 76.5
5984 76.6
6016 76.7
6048 76.8
6080 76.9
6112 77
6144 77.1
6176 77.2
6208 77.3
6240 77.4
6272 77.5
6304 77.6
6336 77.7
6368 77.8
6400 77.9
6432 78
6464 78.1
6496 78.2
6528 78.3
6560 78.4
6592 78.5
6624 78.6
6656 78.7
6688 78.8
6720 78.9
6752 79
6784 79.1
6816 79.2
6848 79.2
6880 79.3
6912 79.4
6944 79.5
6976 79.6
7008 79.7
7040 79.8
7072 79.9
7104 79.9
7136 80.1
7168 80.2
7200 80.2
7232 80.3
7264 80.4
7296 80.5
7328 80.6
7360 80.7
7392 80.8
7424 80.9
7456 80.9
7488 81
7520 81.2
7552 81.3
7584 81.3
7616 81.4
7648 81.5
7680 81.6
7712 81.7
7744 81.8
7776 81.8
7808 81.9
7840 82
7872 82.1
7904 82.2
7936 82.3
7968 82.4
8000 82.5
8032 82.6
8064 82.6
8096 82.8
8128 82.8
8160 82.9
8192 83
8224 83.1
8256 83.2
8288 83.3
8320 83.4
8352 83.5
8384 83.6
8416 83.6
8448 83.7
8480 83.7
8512 83.8
8544 83.9
8576 84
8608 84.1
8640 84.2
8672 84.3
8704 84.3
8736 84.4
8768 84.5
8800 84.6
8832 84.7
8864 84.8
8896 84.8
8928 84.9
8960 85
8992 85.1
9024 85.2
9056 85.2
9088 85.3
9120 85.4
9152 85.5
9184 85.6
9216 85.7
9248 85.7
9280 85.8
9312 85.9
9344 86
9376 86
9408 86.1
9440 86.2
9472 86.3
9504 86.3
9536 86.4
9568 86.5
9600 86.5
9632 86.6
9664 86.7
9696 86.8
9728 86.9
9760 86.9
9792 87
9824 87.1
9856 87.1
9888 87.2
9920 87.3
9952 87.3
9984 87.4
10016 87.5
10048 87.6
10080 87.6
10112 87.7
10144 87.8
10176 87.8
10208 87.9
10240 88
10272 88
10304 88.1
10336 88.2
10368 88.3
10400 88.3
10432 88.4
10464 88.4
10496 88.5
10528 88.6
10560 88.7
10592 88.7
10624 88.8
10656 88.8
10688 88.9
10720 89
10752 89
10784 89.1
10816 89.2
10848 89.2
10880 89.3
10912 89.4
10944 89.4
10976 89.5
11008 89.6
11040 89.6
11072 89.7
11104 89.7
11136 89.8
11168 89.9
11200 89.9
11232 90
11264 90.1
11296 90.1
11328 90.2
11360 90.2
11392 90.3
11424 90.4
11456 90.4
11488 90.5
11520 90.5
11552 90.6
11584 90.6
11616 90.7
11648 90.8
11680 90.8
11712 90.9
11744 90.9
11776 91
11808 91.1
11840 91.1
11872 91.2
11904 91.3
11936 91.3
11968 91.4
12000 91.4
12032 91.5
12064 91.5
12096 91.6
12128 91.7
12160 91.7
12192 91.8
12224 91.8
12256 91.9
12288 91.9
12320 92
12352 92
12384 92.1
12416 92.1
12448 92.2
12480 92.2
12512 92.3
12544 92.3
12576 92.4
12608 92.4
12640 92.5
12672 92.5
12704 92.6
12736 92.6
12768 92.7
12800 92.7
12832 92.8
12864 92.9
12896 92.9
12928 93
12960 93
12992 93.1
13024 93.1
13056 93.2
13088 93.2
13120 93.2
13152 93.3
13184 93.4
13216 93.4
13248 93.4
13280 93.5
13312 93.5
13344 93.6
13376 93.6
13408 93.7
13440 93.7
13472 93.8
13504 93.8
13536 93.9
13568 93.9
13600 94
13632 94
13664 94.1
13696 94.1
13728 94.1
13760 94.2
13792 94.2
13824 94.3
13856 94.3
13888 94.4
13920 94.4
13952 94.5
13984 94.5
14016 94.5
14048 94.6
14080 94.6
14112 94.7
14144 94.7
14176 94.8
14208 94.8
14240 94.8
14272 94.9
14304 94.9
14336 95
14368 95
14400 95
14432 95.1
14464 95.1
14496 95.1
14528 95.2
14560 95.2
14592 95.3
14624 95.3
14656 95.3
14688 95.4
14720 95.4
14752 95.5
14784 95.6
14816 95.6
14848 95.6
14880 95.6
14912 95.7
14944 95.7
14976 95.7
15008 95.8
15040 95.8
15072 95.8
15104 95.9
15136 95.9
15168 95.9
15200 96
15232 96
15264 96
15296 96
15328 96.1
15360 96.1
15392 96.1
15424 96.1
15456 96.2
15488 96.2
15520 96.2
15552 96.3
15584 96.3
15616 96.3
15648 96.3
15680 96.4
15712 96.4
15744 96.4
15776 96.5
15808 96.5
15840 96.5
15872 96.5
15904 96.6
15936 96.6
15968 96.6
16000 96.6
16032 96.7
16064 96.7
16096 96.7
16128 96.8
16160 96.8
16192 96.8
16224 96.8
16256 96.9
16288 96.9
16320 96.9
16352 97
16384 97
16416 97
16448 97
16480 97.1
16512 97.1
16544 97.1
16576 97.1
16608 97.2
16640 97.2
16672 97.2
16704 97.2
16736 97.3
16768 97.3
16800 97.3
16832 97.3
16864 97.4
16896 97.4
16928 97.4
16960 97.4
16992 97.5
17024 97.5
17056 97.5
17088 97.5
17120 97.5
17152 97.6
17184 97.6
17216 97.6
17248 97.6
17280 97.6
17312 97.7
17344 97.7
17376 97.7
17408 97.7
17440 97.7
17472 97.8
17504 97.8
17536 97.8
17568 97.8
17600 97.8
17632 97.8
17664 97.9
17696 97.9
17728 97.9
17760 97.9
17792 97.9
17824 98
17856 98
17888 98
17920 98
17952 98
17984 98
18016 98.1
18048 98.1
18080 98.1
18112 98.1
18144 98.2
18176 98.2
18208 98.2
18240 98.2
18272 98.2
18304 98.3
18336 98.3
18368 98.3
18400 98.3
18432 98.3
18464 98.3
18496 98.3
18528 98.4
18560 98.4
18592 98.4
18624 98.4
18656 98.4
18688 98.4
18720 98.4
18752 98.5
18784 98.5
18816 98.5
18848 98.5
18880 98.5
18912 98.5
18944 98.5
18976 98.6
19008 98.6
19040 98.6
19072 98.6
19104 98.6
19136 98.6
19168 98.7
19200 98.7
19232 98.7
19264 98.7
19296 98.7
19328 98.7
19360 98.7
19392 98.7
19424 98.7
19456 98.7
19488 98.7
19520 98.8
19552 98.8
19584 98.8
19616 98.8
19648 98.8
19680 98.8
19712 98.8
19744 98.8
19776 98.8
19808 98.9
19840 98.9
19872 98.9
19904 98.9
19936 98.9
19968 98.9
20000 98.9
20032 99
20064 99
20096 99
20128 99
20160 99
20192 99
20224 99
20256 99
20288 99
20320 99
20352 99
20384 99
20416 99.1
20448 99.1
20480 99.1
20512 99.1
20544 99.1
20576 99.1
20608 99.1
20640 99.1
20672 99.1
20704 99.1
20736 99.1
20768 99.2
20800 99.2
20832 99.2
20864 99.2
20896 99.2
20928 99.2
20960 99.2
20992 99.2
21024 99.2
21056 99.2
21088 99.2
21120 99.2
21152 99.2
21184 99.2
21216 99.2
21248 99.2
21280 99.2
21312 99.3
21344 99.3
21376 99.3
21408 99.3
21440 99.3
21472 99.3
21504 99.3
21536 99.3
21568 99.3
21600 99.3
21632 99.3
21664 99.3
21696 99.3
21728 99.3
21760 99.3
21792 99.3
21824 99.3
21856 99.4
21888 99.4
21920 99.4
21952 99.4
21984 99.4
22016 99.4
22048 99.4
22080 99.4
22112 99.4
22144 99.4
22176 99.4
22208 99.4
22240 99.4
22272 99.4
22304 99.4
22336 99.4
22368 99.5
22400 99.5
22432 99.5
22464 99.5
22496 99.5
22528 99.5
22560 99.5
22592 99.5
22624 99.5
22656 99.5
22688 99.5
22720 99.5
22752 99.5
22784 99.5
22816 99.5
22848 99.5
22880 99.5
22912 99.5
22944 99.5
22976 99.6
23008 99.6
23040 99.6
23072 99.6
23104 99.6
23136 99.6
23168 99.6
23200 99.6
23232 99.6
23264 99.6
23296 99.6
23328 99.6
23360 99.6
23392 99.6
23424 99.6
23456 99.6
23488 99.6
23520 99.6
23552 99.6
23584 99.6
23616 99.6
23648 99.6
23680 99.7
23712 99.7
23744 99.7
23776 99.7
23808 99.7
23840 99.7
23872 99.7
23904 99.7
23936 99.7
23968 99.7
24000 99.7
24032 99.7
24064 99.7
24096 99.7
24128 99.7
24160 99.7
24192 99.7
24224 99.7
24256 99.7
24288 99.7
24320 99.7
24352 99.7
24384 99.7
24416 99.7
24448 99.7
24480 99.7
24512 99.7
24544 99.7
24576 99.7
24608 99.7
24640 99.7
24672 99.7
24704 99.7
24736 99.7
24768 99.7
24800 99.7
24832 99.7
24864 99.7
24896 99.7
24928 99.7
24960 99.7
24992 99.7
25024 99.7
25056 99.7
25088 99.7
25120 99.7
25152 99.7
25184 99.7
25216 99.7
25248 99.7
25280 99.7
25312 99.8
25344 99.8
25376 99.8
25408 99.8
25440 99.8
25472 99.8
25504 99.8
25536 99.8
25568 99.8
25600 99.8
25632 99.8
25664 99.8
25696 99.8
25728 99.8
25760 99.8
25792 99.8
25824 99.8
25856 99.8
25888 99.8
25920 99.8
25952 99.8
25984 99.8
26016 99.8
26048 99.8
26080 99.8
26112 99.8
26144 99.8
26176 99.8
26208 99.8
26240 99.8
26272 99.8
26304 99.8
26336 99.8
26368 99.8
26400 99.8
26432 99.8
26464 99.8
26496 99.8
26528 99.8
26560 99.8
26592 99.8
26624 99.8
26656 99.8
26688 99.8
26720 99.8
26752 99.8
26784 99.8
26816 99.8
26848 99.8
26880 99.8
26912 99.8
26944 99.8
26976 99.8
27008 99.8
27040 99.8
27072 99.8
27104 99.8
27136 99.8
27168 99.8
27200 99.8
27232 99.8
27264 99.8
27296 99.8
27328 99.8
27360 99.8
27392 99.8
27424 99.8
27456 99.8
27488 99.8
27520 99.8
27552 99.8
27584 99.8
27616 99.8
27648 99.8
27680 99.8
27712 99.8
27744 99.8
27776 99.8
27808 99.8
27840 99.8
27872 99.8
27904 99.8
27936 99.8
27968 99.8
28000 99.8
28032 99.8
28064 99.8
28096 99.8
28128 99.8
28160 99.8
28192 99.8
28224 99.8
28256 99.8
28288 99.8
28320 99.8
28352 99.8
28384 99.9
28416 99.9
28448 99.9
28480 99.9
28512 99.9
28544 99.9
28576 99.9
28608 99.9
28640 99.9
28672 99.9
28704 99.9
28736 99.9
28768 99.9
28800 99.9
28832 99.9
28864 99.9
28896 99.9
28928 99.9
28960 99.9
28992 99.9
29024 99.9
29056 99.9
29088 99.9
29120 99.9
29152 99.9
29184 99.9
29216 99.9
29248 99.9
29280 99.9
29312 99.9
29344 99.9
29376 99.9
29408 99.9
29440 99.9
29472 99.9
29504 99.9
29536 99.9
29568 99.9
29600 99.9
29632 99.9
29664 99.9
29696 99.9
29728 99.9
29760 99.9
29792 99.9
29824 99.9
29856 99.9
29888 99.9
29920 99.9
29952 99.9
29984 99.9
30016 99.9
30048 99.9
30080 99.9
30112 99.9
30144 99.9
30176 99.9
30208 99.9
30240 99.9
30272 99.9
30304 99.9
30336 99.9
30368 99.9
30400 99.9
30432 99.9
30464 99.9
30496 99.9
30528 99.9
30560 99.9
30592 99.9
30624 99.9
30656 99.9
30688 99.9
30720 99.9
30752 99.9
30784 99.9
30816 99.9
30848 99.9
30880 99.9
30912 99.9
30944 99.9
30976 99.9
31008 99.9
31040 99.9
31072 99.9
31104 99.9
31136 99.9
31168 99.9
31200 99.9
31232 99.9
31264 99.9
31296 99.9
31328 99.9
31360 99.9
31392 99.9
31424 99.9
31456 99.9
31488 99.9
31520 99.9
31552 99.9
31584 99.9
31616 99.9
31648 99.9
31680 99.9
31712 99.9
31744 99.9
31776 99.9
31808 99.9
31840 99.9
31872 99.9
31904 99.9
31936 99.9
31968 99.9
32000 99.9
32032 99.9
32064 99.9
32096 99.9
32128 99.9
32160 99.9
32192 99.9
32224 99.9
32256 99.9
32288 99.9
32320 99.9
32352 99.9
32384 99.9
32416 99.9
32448 99.9
32480 99.9
32512 99.9
32544 99.9
32576 99.9
32608 99.9
32640 99.9
32672 99.9
32704 99.9
32736 99.9
32768 99.9
32800 99.9
32832 99.9
32864 99.9
32896 99.9
32928 99.9
32960 99.9
32992 99.9
33024 99.9
33056 99.9
33088 99.9
33120 99.9
33152 99.9
33184 99.9
33216 99.9
33248 99.9
33280 99.9
33312 99.9
33344 99.9
33376 99.9
33408 99.9
33440 99.9
33472 99.9
33504 99.9
33536 99.9
33568 99.9
33600 99.9
33632 99.9
33664 99.9
33696 99.9
33728 99.9
33760 99.9
33792 99.9
33824 99.9
33856 99.9
33888 99.9
33920 99.9
33952 99.9
33984 99.9
34016 99.9
34048 99.9
34080 99.9
34112 99.9
34144 99.9
34176 99.9
34208 99.9
34240 99.9
34272 99.9
34304 99.9
34336 99.9
34368 99.9
34400 99.9
34432 99.9
34464 99.9
34496 99.9
34528 99.9
34560 99.9
34592 99.9
34624 99.9
34656 99.9
34688 99.9
34720 99.9
34752 99.9
34784 99.9
34816 99.9
34848 99.9
34880 99.9
34912 99.9
34944 99.9
34976 99.9
35008 99.9
35040 99.9
35072 99.9
35104 99.9
35136 99.9
35168 99.9
35200 99.9
35232 99.9
35264 99.9
35296 99.9
35328 99.9
35360 99.9
35392 99.9
35424 99.9
35456 99.9
35488 99.9
35520 99.9
35552 99.9
35584 99.9
35616 99.9
35648 99.9
35680 99.9
35712 99.9
35744 99.9
35776 99.9
35808 99.9
35840 99.9
35872 99.9
35904 99.9
35936 99.9
35968 99.9
36000 99.9
36032 99.9
36064 99.9
36096 99.9
36128 99.9
36160 99.9
36192 99.9
36224 99.9
36256 99.9
36288 99.9
36320 99.9
36352 99.9
36384 99.9
36416 99.9
36448 99.9
36480 99.9
36512 99.9
36544 99.9
36576 99.9
36608 99.9
36640 99.9
36672 99.9
36704 99.9
36736 99.9
36768 99.9
36800 99.9
36832 99.9
36864 99.9
36896 99.9
36928 99.9
36960 99.9
36992 99.9
37024 99.9
37056 99.9
37088 99.9
37120 99.9
37152 99.9
37184 99.9
37216 99.9
37248 99.9
37280 99.9
37312 99.9
37344 99.9
37376 99.9
37408 99.9
37440 99.9
37472 99.9
37504 99.9
37536 99.9
37568 99.9
37600 99.9
37632 99.9
37664 99.9
37696 99.9
37728 99.9
37760 99.9
37792 99.9
37824 99.9
37856 99.9
37888 99.9
37920 99.9
37952 99.9
37984 99.9
38016 99.9
38048 99.9
38080 99.9
38112 99.9
38144 99.9
38176 99.9
38208 99.9
38240 99.9
38272 99.9
38304 99.9
38336 99.9
38368 99.9
38400 99.9
38432 99.9
38464 99.9
38496 99.9
38528 99.9
38560 99.9
38592 99.9
38624 99.9
38656 99.9
38688 99.9
38720 99.9
38752 99.9
38784 99.9
38816 99.9
38848 99.9
38880 99.9
38912 99.9
38944 99.9
38976 99.9
39008 99.9
39040 99.9
39072 99.9
39104 99.9
39136 99.9
39168 99.9
39200 99.9
39232 99.9
39264 99.9
39296 99.9
39328 99.9
39360 99.9
39392 99.9
39424 99.9
39456 99.9
39488 99.9
39520 99.9
39552 99.9
39584 99.9
39616 99.9
39648 99.9
39680 99.9
39712 99.9
39744 99.9
39776 99.9
39808 99.9
39840 99.9
39872 99.9
39904 99.9
39936 99.9
39968 99.9
40000 99.9
40032 99.9
40064 99.9
40096 99.9
40128 99.9
40160 99.9
40192 99.9
40224 99.9
40256 99.9
40288 99.9
40320 99.9
40352 99.9
40384 99.9
40416 99.9
40448 99.9
40480 99.9
40512 99.9
40544 99.9
40576 99.9
40608 99.9
40640 99.9
40672 99.9
40704 99.9
40736 99.9
40768 99.9
40800 99.9
40832 99.9
40864 99.9
40896 99.9
40928 99.9
40960 99.9
40992 99.9
41024 99.9
41056 99.9
41088 99.9
41120 99.9
41152 99.9
41184 99.9
41216 99.9
41248 99.9
41280 99.9
41312 99.9
41344 99.9
41376 99.9
41408 99.9
41440 99.9
41472 99.9
41504 99.9
41536 99.9
41568 99.9
41600 99.9
41632 99.9
41664 99.9
41696 99.9
41728 99.9
41760 99.9
41792 99.9
41824 99.9
41856 99.9
41888 99.9
41920 99.9
41952 99.9
41984 99.9
42016 99.9
42048 99.9
42080 99.9
42112 99.9
42144 99.9
42176 99.9
42208 99.9
42240 99.9
42272 99.9
42304 99.9
42336 99.9
42368 99.9
42400 99.9
42432 99.9
42464 99.9
42496 99.9
42528 99.9
42560 99.9
42592 99.9
42624 99.9
42656 99.9
42688 99.9
42720 99.9
42752 99.9
42784 99.9
42816 99.9
42848 99.9
42880 99.9
42912 99.9
42944 99.9
42976 99.9
43008 99.9
43040 99.9
43072 99.9
43104 99.9
43136 99.9
43168 99.9
43200 99.9
43232 99.9
43264 99.9
43296 99.9
43328 99.9
43360 99.9
43392 99.9
43424 99.9
43456 99.9
43488 99.9
43520 99.9
43552 99.9
43584 99.9
43616 100
43648 100
43680 100
43712 100
43744 100
43776 100
43808 100
43840 100
43872 100
43904 100
43936 100
43968 100
44000 100
44032 100
44064 100
44096 100
44128 100
44160 100
44192 100
44224 100
44256 100
44288 100
44320 100
44352 100
44384 100
44416 100
44448 100
44480 100
44512 100
44544 100
44576 100
44608 100
44640 100
44672 100
44704 100
44736 100
44768 100
44800 100
44832 100
44864 100
44896 100
44928 100
44960 100
44992 100
45024 100
45056 100
45088 100
45120 100
45152 100
45184 100
45216 100
45248 100
45280 100
45312 100
45344 100
45376 100
45408 100
45440 100
45472 100
45504 100
45536 100
45568 100
45600 100
45632 100
45664 100
45696 100
45728 100
45760 100
45792 100
45824 100
45856 100
45888 100
45920 100
45952 100
45984 100
46016 100
46048 100
46080 100
46112 100
46144 100
46176 100
46208 100
46240 100
46272 100
46304 100
46336 100
46368 100
46400 100
46432 100
46464 100
46496 100
46528 100
46560 100
46592 100
46624 100
46656 100
46688 100
46720 100
46752 100
46784 100
46816 100
46848 100
46880 100
46912 100
46944 100
46976 100
47008 100
47040 100
47072 100
47104 100
47136 100
47168 100
47200 100
47232 100
47264 100
47296 100
47328 100
47360 100
47392 100
47424 100
47456 100
47488 100
47520 100
47552 100
47584 100
47616 100
47648 100
47680 100
47712 100
47744 100
47776 100
47808 100
47840 100
47872 100
47904 100
47936 100
47968 100
48000 100
